789
42
1567
23
890
345
67
1234
89
456
234
78
5678
91
345
12
7890
56
234
890
123
45
678
2345
89
456
67
123
789
34
567
89
234
4567
78
123
345
67
890
234
56
789
1234
45
678
89
234
567
12
345
7890
56
234
890
123
45
678
91
234
567
89
1234
345
67
890
234
56
789
12
345
678
89
234
5678
45
123
890
67
234
789
34
567
89
1234
456
78
234
567
89
345
12
678
234
890
45
123
789
56
234
567
89
3450
67
123
890
234
78
567
89
234
456
12
789
345
67
1234
890
56
234
789
45
678
89
123
234
567
78
890
345
12
4567
89
234
567
123
45
789
234
890
67
345
12
678
89
234
7890
56
123